1 pranjal 100.0 80.0 6.0 100.0 100.0 100.0 486.0
2 kshitij 100.0 100.0 47.0 100.0 100.0 16.0 463.0
3 udit 100.0 30.0 63.0 100.0 33.0 100.0 426.0
4 aditya_jain 100.0 0.0 6.0 100.0 100.0 100.0 406.0
5 schandra 100.0 30.0 27.0 100.0 100.0 43.0 400.0
6 mohit 100.0 0.0 27.0 100.0 61.0 100.0 388.0
7 shiven_sinha 100.0 20.0 47.0 100.0 33.0 63.0 363.0
8 sahil 100.0 10.0 47.0 100.0 22.0 29.0 308.0
9 ritul_k_singh 100.0 20.0 47.0 21.0 7.0 0.0 195.0
10 ronnith_nandy 31.0 0.0 47.0 100.0 0.0 5.0 183.0
11 a_j_dsilva 100.0 10.0 27.0 21.0 22.0 0.0 180.0
12 siddhant_attavar 31.0 10.0 14.0 21.0 33.0 63.0 172.0
13 soumyaditya 13.0 30.0 63.0 21.0 22.0 16.0 165.0
14 aryan_raina 0.0 20.0 27.0 21.0 7.0 63.0 138.0
15 satyam_chakravorty 0.0 0.0 27.0 21.0 22.0 63.0 133.0
16 utkarsh 100.0 0.0 0.0 21.0 7.0 0.0 128.0
17 ritam 100.0 0.0 0.0 0.0 0.0 0.0 100.0
18 megha_hedge 72.0 0.0 0.0 0.0 22.0 0.0 94.0
19 saarang_s 13.0 20.0 27.0 21.0 7.0 0.0 88.0
20 sarthak_mangla 13.0 10.0 14.0 16.0 33.0 0.0 86.0
21 vishesh_saraswat 13.0 0.0 27.0 21.0 22.0 0.0 83.0
22 divyansh_garg 0.0 0.0 14.0 21.0 0.0 43.0 78.0
23 neel_lodha 0.0 0.0 14.0 0.0 0.0 63.0 77.0
24 paras 0.0 0.0 47.0 21.0 7.0 0.0 75.0
25 kristopher 0.0 0.0 27.0 21.0 22.0 0.0 70.0
26 aryanmaskara 0.0 0.0 27.0 21.0 22.0 0.0 70.0
27 adhish_kancharia 0.0 0.0 27.0 21.0 22.0 0.0 70.0
28 mukundan 31.0 0.0 14.0 0.0 0.0 0.0 45.0
29 vatsalya_jaiswal 0.0 10.0 14.0 21.0 0.0 0.0 45.0
30 m_shandilya 31.0 0.0 0.0 0.0 0.0 5.0 36.0
31 tanmay_garg 0.0 0.0 14.0 0.0 7.0 5.0 26.0
32 soham_jog 0.0 0.0 0.0 0.0 22.0 0.0 22.0
33 vipin_mishra 0.0 0.0 0.0 0.0 0.0 0.0 0.0
34 naveen_kulkarni 0.0 0.0 0.0 0.0 0.0 0.0 0.0
35 luv_singhal 0.0 0.0 0.0 0.0 0.0 0.0 0.0
36 swastik_agarwala 0.0 0.0 0.0 0.0 0.0 0.0 0.0
37 aditya_arsh 0.0 0.0 0.0 0.0 0.0 0.0 0.0
38 vansh 0.0 0.0 0.0 0.0 0.0 0.0 0.0
39 harshin_posina 0.0 0.0 0.0 0.0 0.0 0.0 0.0
40 navjeet_bharti 0.0 0.0 0.0 0.0 0.0 0.0 0.0
41 bharat_sahlot 0.0 0.0 0.0 0.0 0.0 0.0 0.0
42 aditya_padiyar 0.0 0.0 0.0 0.0 0.0 0.0 0.0
